41.342
52.564
55.776
61.38
62.732
64.568
67.852
70.0
71.022
72.332
72.798
73.398
74.452
74.416
75.446
75.664
77.052
76.702
76.59
76.264
78.3
78.328
78.914
77.432
79.298
78.484
79.81
80.33
80.614
80.018
79.948
80.262
81.096
80.924
80.53
81.458
80.798
82.02
80.904
81.878
80.66
82.666
83.022
83.126
82.896
83.772
83.104
83.046
83.752
84.174
83.824
84.038
83.848
83.688
84.444
83.796
84.834
83.88
84.416
84.542
84.972
84.776
84.84
84.472
85.558
85.132
85.634
85.336
85.786
85.01
85.552
85.956
86.254
85.906
85.866
85.592
86.114
86.502
86.222
86.682
86.604
85.922
85.06
86.79
86.256
86.09
86.402
86.99
86.944
87.242
86.308
85.298
86.264
87.092
86.792
86.386
87.47
87.466
86.686
86.24
86.98
87.654
87.846
87.37
87.722
86.228
87.684
86.968
87.954
87.816
86.814
87.666
87.432
87.86
87.522
88.352
87.806
88.014
87.086
88.328
87.974
88.104
86.966
88.414
88.118
88.138
88.53
88.02
87.74
88.024
87.954
88.242
89.032
88.14
88.746
88.828
89.078
88.63
88.06
88.588
89.09
88.428
88.842
88.408
88.65
88.33
88.862
88.788
89.248
88.982
88.272
88.996
88.732
88.184
88.612
89.042
89.31
88.936
88.43
89.304
88.84
88.958
89.12
89.0
88.862
88.866
88.584
89.338
89.77
88.86
88.916
89.62
89.036
88.976
88.952
89.15
89.594
89.532
89.83
89.558
90.03
89.64
89.446
89.978
87.794
89.592
89.608
89.972
89.208
89.568
90.086
89.582
89.88
89.44
89.682
89.738
89.914
89.908
90.196
90.348
89.812
90.322
89.632
90.05
89.738
90.01
90.092
90.154
88.86
90.152
89.992
90.118
89.97
90.374
90.296
90.164
90.16
90.124
89.14
90.208
90.342
90.528
90.434
90.326
90.254
90.534
90.648
89.47
90.736
90.39
89.832
90.444
90.408
90.034
90.722
90.71
90.086
91.036
90.09
90.926
90.52
90.294
90.49
90.016
90.642
90.476
90.186
90.822
90.756
90.466
90.292
90.592
90.786
90.996
91.128
90.954
90.614
90.664
90.798
90.616
90.284
90.436
90.676
90.53
90.804
90.784
90.978
90.894
90.63
90.47
90.88
91.222
90.76
90.762
90.65
90.784
90.61
91.252
90.998
91.322
91.02
90.066
90.978
91.116
89.522
90.862
91.192
91.478
91.018
91.266
91.0
91.0
90.742
91.028
91.102
91.208
90.742
91.484
90.944
91.222
91.324
91.246
91.254
91.366
90.952
91.364
91.298
91.43
91.8
91.052
90.978
91.192
91.214
90.608
91.398
90.53
90.356
91.442
91.914
90.994
91.67
91.186
91.224
91.238
91.436
91.132
91.636
91.516
90.93
90.698
91.628
91.488
91.21
91.65
91.75
90.618
91.478
91.418
91.708
91.582
91.158
91.576
91.026
91.384
91.484
92.15
91.54
91.672
91.624
91.694
91.698
90.666
90.958
91.338
91.682
91.33
91.566
92.008
91.574
91.718
91.66
91.748
91.868
91.03
91.85
91.368
91.29
92.02
91.578
91.734
91.18
91.496
91.918
91.846
91.4
91.97
91.34
92.012
91.914
91.894
91.872
91.726
92.256
91.792
91.22
91.638
92.322
91.464
91.472
91.562
92.458
91.718
91.948
91.682
91.52
91.842
91.986
91.634
91.908
92.216
91.626
91.314
91.772
91.754
92.256
92.03
91.926
91.428
91.642
92.084
91.218
91.648
91.742
91.028
92.1
91.72
91.352
91.938
92.156
92.182
91.762
91.964
91.078
92.25
91.99
91.592
92.1
92.334
91.828
92.286
92.008
91.944
91.41
92.034
92.084
91.732
92.358
92.338
92.2
92.09
92.166
92.344
91.976
91.322
92.454
92.398
91.876
92.008
92.474
92.394
92.276
91.136
92.084
91.406
92.672
92.18
92.3
92.532
91.856
92.452
91.736
92.348
92.156
92.246
92.616
92.502
92.504
92.062
91.916
92.16
92.216
92.002
92.074
92.736
92.468
92.326
92.278
92.266
92.392
92.666
92.312
92.176
91.906
91.968
92.094
92.312
91.99
92.358
92.38
92.414
92.454
92.866
91.788
91.674
92.432
91.618
92.9
92.336
92.116
92.478
92.554
92.542
92.19
92.4
92.418
92.974
92.566
92.362
92.446
92.168
92.352
92.616
92.404
92.474
92.598
92.646
92.542
92.608
92.71
92.29
91.98
92.718
92.05
92.58
92.268
92.834
92.092
92.684
92.774
92.29
93.378
92.458
92.7
92.136
92.74
92.626
92.876
92.68
92.734
91.992
92.524
92.484
92.608
92.504
92.202
91.906
92.444
92.004
92.16
92.428
92.512
93.09
92.076
92.53
92.152
92.814
92.354
92.576
92.366
92.438
92.738
92.406
92.434
92.744
92.568
91.79
92.6
92.426
92.894
92.988
91.978
92.784
91.872
92.404
92.342
93.236
92.446
92.546
92.492
93.196
92.624
93.258
92.758
91.798
92.886
92.426
92.94
92.654
92.92
92.736
92.548
92.724
92.774
93.034
92.082
93.006
93.26
93.37
92.812
92.792
92.772
92.848
93.424
92.462
92.592
93.316
93.16
93.406
93.314
93.342
93.082
92.754
93.058
92.91
92.838
93.18
93.156
93.07
92.818
92.308
92.896
93.13
93.114
93.154
93.432
92.734
92.616
92.582
92.888
93.024
93.294
93.368
92.332
93.228
92.44
92.968
93.352
92.948
92.784
93.286
92.868
93.02
92.398
93.158
93.032
91.886
92.758
93.01
92.456
93.228
92.744
92.81
92.786
93.294
92.884
93.216
93.152
92.97
93.178
92.63
92.56
92.968
93.448
92.76
92.432
93.352
92.884
93.246
93.378
92.78
93.176
92.8
92.636
93.152
92.61
93.168
92.952
92.956
92.684
93.034
93.064
93.144
93.054
92.972
93.192
92.914
93.14
93.01
93.042
93.244
92.854
92.59
92.872
92.706
92.904
92.47
93.122
92.5
93.054
93.208
93.426
93.254
92.976
93.336
93.132
93.104
93.12
93.502
93.354
93.358
93.18
93.31
93.834
93.108
93.432
93.538
92.802
93.014
93.492
93.15
93.318
93.262
92.996
93.398
93.162
93.5
93.498
92.782
93.584
93.13
93.412
92.59
93.29
93.458
93.268
92.964
93.144
93.116
92.676
93.292
93.208
93.584
93.586
93.224
93.308
93.264
93.598
93.264
93.09
93.53
93.292
93.498
93.152
93.186
92.756
93.456
92.644
93.604
93.326
93.614
93.082
93.45
93.266
93.218
93.716
93.534
93.694
93.284
93.44
93.398
93.182
93.556
93.356
93.562
93.05
93.38
93.506
93.134
93.106
92.888
93.63
93.026
93.468
93.238
93.598
93.568
93.298
92.572
93.488
93.544
93.124
93.322
93.146
93.004
93.418
93.444
93.484
93.076
93.618
92.356
93.092
93.732
93.436
93.258
93.306
92.966
93.344
93.49
93.342
93.128
93.362
93.502
93.566
93.64
93.644
93.082
93.29
93.096
93.896
93.532
93.09
93.518
94.018
93.954
93.598
93.404
93.306
93.418
93.016
93.604
94.0
92.69
93.184
93.548
93.54
93.536
93.238
93.7
93.244
93.286
93.058
93.76
93.4
93.722
93.488
93.59
93.114
93.602
93.668
93.396
93.234
93.704
93.968
93.416
93.682
93.42
93.48
93.474
93.57
93.294
93.476
92.8
93.812
92.766
93.032
93.282
93.068
93.63
93.61
93.786
93.982
93.972
93.6
93.376
93.456
93.478
93.87
93.372
93.632
93.79
93.24
93.174
92.788
93.406
93.792
93.648
93.612
93.226
92.938
94.222
93.842
93.532
93.322
93.128
93.31
93.43
93.464
93.392
93.638
93.45
93.288
93.332
93.104
93.674
93.492
93.696
93.618
93.704
93.838
93.262
93.336
93.532
93.45
93.674
93.69
93.308
93.51
93.456
93.724
93.246
93.824
93.532
93.558
93.72
93.774
93.648
93.514
94.006
94.04
93.752
93.336
93.416
93.854
93.708
93.686
93.53
93.986
93.616
93.864
93.272
93.66
93.35
93.844
93.738
93.834
93.45
93.692
94.012
93.478
93.734
93.066
93.836
93.898
93.394
93.794
94.124
93.008
93.668
93.672
94.176
93.61
93.564
93.374
93.44
93.56
93.71
93.374
92.978
93.824
93.388
93.904
93.828
93.224
93.804
93.986
93.88
93.218
93.806
94.012
94.204
93.866
93.452
93.0
93.798
93.8
94.038
93.674
93.636
94.048
94.014
93.598
93.556
93.456
93.472
93.328
93.97
93.698
93.85
93.92
93.636
94.11
93.716
93.324
93.392
93.664
92.882
93.768
93.592
93.68
93.758
93.714
93.832
93.658
93.518
93.834
93.756
93.804
93.784
94.054
94.144
93.804
93.814
94.444
93.734
93.964
93.88
94.126
93.49
93.66
94.29
93.578
93.65
94.298
93.476
93.672
94.154
93.748
93.218
93.652
93.654
93.846
94.206
94.008
93.75
93.346
93.704
93.978
94.066
94.266
93.372
93.86
93.928
94.078
94.072
93.88
93.066
94.108
93.878
94.126
94.216
94.164
93.936
93.574
93.896
93.988
93.11
93.964
94.2
93.518
94.116
93.698
93.958
93.858
94.166
93.908
93.778
94.36
94.284
93.878
94.096
94.116
93.372
93.944
94.124
93.59
94.18
93.568
93.94
93.63
93.93
93.786
93.61
93.974
93.926
93.962
94.058
94.126
94.25
94.186
94.212
93.616
94.12
94.26
94.188
93.484
93.826
93.43
93.492
94.12
94.194
93.778
94.032
94.216
93.792
94.274
94.25
94.036
93.844
94.22
94.358
93.978
94.116
93.588
94.06
94.136
94.47
93.73
94.292
93.96
93.932
93.94
93.922
93.948
93.85
94.38
94.316
94.286
93.63
93.7
94.432
93.544
93.758
94.084
94.496
94.056
93.806
93.952
93.978
93.998
94.164
93.818
93.76
93.926
93.834
93.736
93.988
94.35
93.804
94.268
94.208
94.034
94.342
93.576
94.026
93.716
93.744
94.244
94.35
94.3
93.928
94.03
94.054
94.326
93.994
93.86
94.246
94.42
94.178
94.252
93.868
93.794
93.806
94.162
93.622
94.098
94.24
94.058
93.422
94.31
93.658
94.218
94.112
93.952
94.022
94.058
93.966
94.326
94.134
93.814
94.006
93.894
93.616
94.184
94.086
93.83
94.268
93.772
94.312
94.214
94.354
94.592
93.876
94.314
93.942
94.118
93.242
93.988
93.834
93.994
94.048
94.278
94.202
93.612
93.912
94.046
94.154
94.502
93.626
94.278
94.086
94.16
94.154
93.99
93.612
94.194
92.99
94.008
94.476
94.202
94.254
93.814
94.05
94.31
94.49
93.738
93.434
93.856
94.188
93.662
94.222
94.096
94.302
93.912
94.436
94.37
94.09
94.852
94.736
93.886
93.87
94.218
94.256
94.458
93.944
94.348
94.272
93.688
93.852
94.274
93.792
94.33
93.414
94.538
94.394
93.984
93.936
94.486
94.654
93.734
94.348
94.122
94.2
94.206
94.294
94.214
94.272
94.706
94.538
93.96
94.27
94.298
94.216
94.478
94.47
94.666
94.2
94.488
94.358
93.928
94.464
94.28
93.766
94.466
94.146
94.104
94.546
94.36
94.052
94.298
94.226
94.238
94.646
93.822
94.146
94.378
94.362
94.512
94.306
94.544
94.182
93.95
94.67
93.966
94.316
93.842
94.37
94.194
94.426
94.124
94.246
94.29
94.198
93.934
94.316
94.528
93.682
94.364
94.252
93.932
93.688
94.03
94.458
94.196
93.996
94.38
93.842
94.48
94.602
94.318
94.14
94.34
94.31
93.914
94.15
94.79
93.96
93.542
93.954
94.692
94.546
94.448
94.188
93.928
94.436
94.592
94.446
94.616
94.418
93.462
94.16
93.998
94.03
94.208
94.508
94.594
94.192
93.898
93.89
94.504
94.024
94.068
94.12
94.166
94.56
94.548
94.694
93.854
94.706
94.334
94.602
94.124
94.306
94.526
94.142
94.304
94.006
94.186
94.052
93.77
94.548
93.772
94.266
94.644
94.514
94.002
93.966
94.388
94.152
93.916
94.11
94.818
94.388
94.212
94.424
93.51
94.478
94.756
93.924
94.336
94.598
93.622
94.022
94.194
94.296
94.1
94.636
93.638
94.222
94.206
94.444
94.192
94.536
94.024
93.794
94.386
94.506
94.27
94.634
94.32
94.326
93.96
94.158
94.354
93.782
94.72
94.09
93.784
94.068
94.316
94.062
94.36
94.65
93.072
93.544
94.228
94.46
94.374
94.332
94.498
94.322
94.478
94.21
94.916
94.538
94.506
94.476
94.512
94.6
94.538
94.502
94.218
94.574
94.52
94.192
94.724
94.328
94.39
94.322
94.158
94.336
94.734
94.468
94.592
94.266
94.202
94.134
94.84
94.358
94.618
93.672
94.316
94.288
94.148
94.778
94.436
93.976
94.72
94.314
94.106
94.158
